Correlation Matrix for www.brla.gov :


                                PAGE VIEWS  UNIQUE VIEWS  AVERAGE TIME ON PAGE (SECONDS)  ENTRANCES  BOUNCE RATE (%)  EXIT RATE (%)
PAGE VIEWS                        1.000000      0.995480                        0.004190   0.913253         0.017937       0.008914
UNIQUE VIEWS                      0.995480      1.000000                        0.003592   0.920525         0.017070       0.008647
AVERAGE TIME ON PAGE (SECONDS)    0.004190      0.003592                        1.000000   0.004972        -0.081905      -0.115269
ENTRANCES                         0.913253      0.920525                        0.004972   1.000000         0.032053       0.023643
BOUNCE RATE (%)                   0.017937      0.017070                       -0.081905   0.032053         1.000000       0.816566
EXIT RATE (%)                     0.008914      0.008647                       -0.115269   0.023643         0.816566       1.000000

Correlation Matrix for brgov.com :


                                PAGE VIEWS  UNIQUE VIEWS  AVERAGE TIME ON PAGE (SECONDS)  ENTRANCES  BOUNCE RATE (%)  EXIT RATE (%)
PAGE VIEWS                        1.000000      0.950461                        0.008829   0.350911         0.031898      -0.001812
UNIQUE VIEWS                      0.950461      1.000000                        0.012119   0.451787         0.038040       0.002735
AVERAGE TIME ON PAGE (SECONDS)    0.008829      0.012119                        1.000000   0.020591        -0.080388      -0.123137
ENTRANCES                         0.350911      0.451787                        0.020591   1.000000         0.060838       0.035925
BOUNCE RATE (%)                   0.031898      0.038040                       -0.080388   0.060838         1.000000       0.765973
EXIT RATE (%)                    -0.001812      0.002735                       -0.123137   0.035925         0.765973       1.000000

Correlation Matrix for data.brla.gov :


                                PAGE VIEWS  UNIQUE VIEWS  AVERAGE TIME ON PAGE (SECONDS)  ENTRANCES  BOUNCE RATE (%)  EXIT RATE (%)
PAGE VIEWS                        1.000000      0.905897                       -0.006725   0.495145        -0.000277      -0.005863
UNIQUE VIEWS                      0.905897      1.000000                       -0.008281   0.650730         0.005381      -0.006072
AVERAGE TIME ON PAGE (SECONDS)   -0.006725     -0.008281                        1.000000   0.004772        -0.066854      -0.091067
ENTRANCES                         0.495145      0.650730                        0.004772   1.000000         0.127906       0.102681
BOUNCE RATE (%)                  -0.000277      0.005381                       -0.066854   0.127906         1.000000       0.755857
EXIT RATE (%)                    -0.005863     -0.006072                       -0.091067   0.102681         0.755857       1.000000

Correlation Matrix for budget.brla.gov :


                                PAGE VIEWS  UNIQUE VIEWS  AVERAGE TIME ON PAGE (SECONDS)  ENTRANCES  BOUNCE RATE (%)  EXIT RATE (%)
PAGE VIEWS                        1.000000      0.976218                        0.003263   0.610000         0.068716       0.007572
UNIQUE VIEWS                      0.976218      1.000000                        0.001644   0.618791         0.034030       0.001619
AVERAGE TIME ON PAGE (SECONDS)    0.003263      0.001644                        1.000000   0.007174        -0.006630      -0.063399
ENTRANCES                         0.610000      0.618791                        0.007174   1.000000         0.188291       0.051556
BOUNCE RATE (%)                   0.068716      0.034030                       -0.006630   0.188291         1.000000       0.292990
EXIT RATE (%)                     0.007572      0.001619                       -0.063399   0.051556         0.292990       1.000000

Correlation Matrix for my.brla.gov :


                                PAGE VIEWS  UNIQUE VIEWS  AVERAGE TIME ON PAGE (SECONDS)  ENTRANCES  BOUNCE RATE (%)  EXIT RATE (%)
PAGE VIEWS                        1.000000      0.997205                       -0.018400   0.485219        -0.000337      -0.060476
UNIQUE VIEWS                      0.997205      1.000000                       -0.014594   0.548687         0.020174      -0.052180
AVERAGE TIME ON PAGE (SECONDS)   -0.018400     -0.014594                        1.000000   0.036085        -0.095315      -0.151350
ENTRANCES                         0.485219      0.548687                        0.036085   1.000000         0.245622       0.068549
BOUNCE RATE (%)                  -0.000337      0.020174                       -0.095315   0.245622         1.000000       0.464872
EXIT RATE (%)                    -0.060476     -0.052180                       -0.151350   0.068549         0.464872       1.000000

Correlation Matrix for gisdata.brla.gov :


                                PAGE VIEWS  UNIQUE VIEWS  AVERAGE TIME ON PAGE (SECONDS)  ENTRANCES  BOUNCE RATE (%)  EXIT RATE (%)
PAGE VIEWS                        1.000000      0.746361                       -0.053305   0.368701         0.015208      -0.104030
UNIQUE VIEWS                      0.746361      1.000000                       -0.028195   0.850171         0.058793       0.007501
AVERAGE TIME ON PAGE (SECONDS)   -0.053305     -0.028195                        1.000000  -0.012683        -0.122951      -0.169786
ENTRANCES                         0.368701      0.850171                       -0.012683   1.000000         0.074355       0.074792
BOUNCE RATE (%)                   0.015208      0.058793                       -0.122951   0.074355         1.000000       0.473839
EXIT RATE (%)                    -0.104030      0.007501                       -0.169786   0.074792         0.473839       1.000000

Correlation Matrix for city.brla.gov :


                                PAGE VIEWS  UNIQUE VIEWS  AVERAGE TIME ON PAGE (SECONDS)  ENTRANCES  BOUNCE RATE (%)  EXIT RATE (%)
PAGE VIEWS                        1.000000      0.551098                       -0.034165   0.849448        -0.028765      -0.108265
UNIQUE VIEWS                      0.551098      1.000000                       -0.043104   0.592810        -0.069652      -0.155537
AVERAGE TIME ON PAGE (SECONDS)   -0.034165     -0.043104                        1.000000  -0.011780        -0.112789      -0.154068
ENTRANCES                         0.849448      0.592810                       -0.011780   1.000000        -0.002938      -0.074319
BOUNCE RATE (%)                  -0.028765     -0.069652                       -0.112789  -0.002938         1.000000       0.807945
EXIT RATE (%)                    -0.108265     -0.155537                       -0.154068  -0.074319         0.807945       1.000000

Correlation Matrix for data.ebrgis.opendata.arcgis.com :


                                PAGE VIEWS  UNIQUE VIEWS  AVERAGE TIME ON PAGE (SECONDS)  ENTRANCES  BOUNCE RATE (%)  EXIT RATE (%)
PAGE VIEWS                        1.000000      0.907464                       -0.041904   0.222224         0.218210       0.117028
UNIQUE VIEWS                      0.907464      1.000000                       -0.048781   0.265579         0.461052       0.193699
AVERAGE TIME ON PAGE (SECONDS)   -0.041904     -0.048781                        1.000000   0.004341        -0.065452      -0.013810
ENTRANCES                         0.222224      0.265579                        0.004341   1.000000         0.196939       0.312175
BOUNCE RATE (%)                   0.218210      0.461052                       -0.065452   0.196939         1.000000       0.241862
EXIT RATE (%)                     0.117028      0.193699                       -0.013810   0.312175         0.241862       1.000000

Correlation Matrix for gis.brla.gov :


                                PAGE VIEWS  UNIQUE VIEWS  AVERAGE TIME ON PAGE (SECONDS)  ENTRANCES  BOUNCE RATE (%)  EXIT RATE (%)
PAGE VIEWS                        1.000000      0.897654                        0.014988   0.642455        -0.000898      -0.051285
UNIQUE VIEWS                      0.897654      1.000000                        0.073330   0.851580         0.018688       0.028468
AVERAGE TIME ON PAGE (SECONDS)    0.014988      0.073330                        1.000000   0.102070        -0.001724      -0.208342
ENTRANCES                         0.642455      0.851580                        0.102070   1.000000        -0.076739       0.008449
BOUNCE RATE (%)                  -0.000898      0.018688                       -0.001724  -0.076739         1.000000       0.598641
EXIT RATE (%)                    -0.051285      0.028468                       -0.208342   0.008449         0.598641       1.000000

Correlation Matrix for 311.brla.gov :


                                PAGE VIEWS  UNIQUE VIEWS  AVERAGE TIME ON PAGE (SECONDS)  ENTRANCES  BOUNCE RATE (%)  EXIT RATE (%)
PAGE VIEWS                        1.000000      0.999227                       -0.282580   0.810513        -0.342986      -0.429220
UNIQUE VIEWS                      0.999227      1.000000                       -0.280549   0.819880        -0.342771      -0.427201
AVERAGE TIME ON PAGE (SECONDS)   -0.282580     -0.280549                        1.000000  -0.493095         0.487842       0.343471
ENTRANCES                         0.810513      0.819880                       -0.493095   1.000000        -0.541055      -0.505973
BOUNCE RATE (%)                  -0.342986     -0.342771                        0.487842  -0.541055         1.000000       0.911129
EXIT RATE (%)                    -0.429220     -0.427201                        0.343471  -0.505973         0.911129       1.000000

Correlation Matrix for checkbook.brla.gov :


                                PAGE VIEWS  UNIQUE VIEWS  AVERAGE TIME ON PAGE (SECONDS)  ENTRANCES  BOUNCE RATE (%)  EXIT RATE (%)
PAGE VIEWS                             1.0           1.0                             1.0        1.0              NaN            NaN
UNIQUE VIEWS                           1.0           1.0                             1.0        1.0              NaN            NaN
AVERAGE TIME ON PAGE (SECONDS)         1.0           1.0                             1.0        1.0              NaN            NaN
ENTRANCES                              1.0           1.0                             1.0        1.0              NaN            NaN
BOUNCE RATE (%)                        NaN           NaN                             NaN        NaN              NaN            NaN
EXIT RATE (%)                          NaN           NaN                             NaN        NaN              NaN            NaN

